DM (200)
ST (40,40,20)
RT (-30)
LU (10)
MT (10,0,0)
LT (-1000,0,0)
MT (10,10,0)
LT (-1000,5,0)

MT (0,0,0)
LT (0,10,0)

MT (10,0,0)
LT (10,-5,0)
LT (10,-5,7)
LT (10,0,7)
LT (10,0,0)
MT (0,0,0)
LT (0,0,7)
LT (0,-5,7)
LT (10,-5,7)
MT (0,0,7)
LT(10,0,7)

MT (-10,0,0)
LT (-10,-5,0)
LT (-10,-5,7)
LT (-10,0,7)
LT (-10,0,0)
MT (-20,0,0)
LT (-20,0,7)
LT (-20,-5,7)
LT (-10,-5,7)
MT (-20,0,7)
LT(-10,0,7)

MT (-40,0,0)
LT (-40,-5,0)
LT (-40,-5,7)
LT (-40,0,7)
LT (-40,0,0)
MT (-50,0,0)
LT (-50,0,7)
LT (-50,-5,7)
LT (-40,-5,7)
MT (-50,0,7)
LT(-40,0,7)
